#X Y kappa
0.41560787167209257 0.9925129615758743 1.0760166736124117
-0.713222344994354 -0.7367592846466169 1.0254269144664772
0.2933992990959453 0.7575553160697668 0.8123873494925659
0.5235337057683478 0.22775354531638814 0.5709283829691103
-0.9413419149812017 0.6128334853430015 1.1232495188773182
0.9297515657205151 0.9401807053855973 1.3222623539748488
0.4924821894316562 -0.7279567471724291 0.878896883975169
0.33875668257162816 -0.21990925933563155 0.40387643200424667
-0.8917375837936639 0.8592300448390049 1.238334441216992
-0.33718037450518135 0.779190555093197 0.8490162107391701
-0.20102876011254023 -0.5964455807322597 0.6294123395417569
0.05972871214730069 -0.04788229929058052 0.07655216287034504
-0.03911099066397439 0.3045081900627369 0.3070096210316565
-0.47527015386854 -0.8405816203013108 0.965639259530495
-0.4006236447567191 -0.7905921929685429 0.8863043045822172
-0.6213589597912414 -0.5278690126549583 0.8153113831133318
-0.9860528889952331 0.6619332012952985 1.187626146088443
-0.8528808552891793 -0.2663431721105567 0.8935012247606131
-0.3115791510788044 0.14947466576058388 0.34557812878020316
0.766160631232137 -0.5950677579239523 0.9701070813939388
-0.9729079478246927 -0.8911747148016715 1.3193719139205198
0.9431421748525779 -0.846358664242082 1.2672174835138963
0.05447260009243027 0.4312030510528513 0.4346301133125933
0.1660291672522738 -0.23098693877455334 0.2844655519793614
0.39500677548450747 0.14103870852535128 0.41943088820587243
0.14928733989362586 0.16842057076162287 0.22506043301341483
-0.19696550596653606 0.26783128932606415 0.33245903519488745
-0.13133405754204386 0.7091745407100678 0.7212330856677281
-0.08849158238898913 0.973704402211832 0.9777172510702714
0.5232348983283053 0.42386271577331236 0.6733753490077876
-0.03986152957769895 0.9188189888000304 0.9196832474932792
0.4727757386212661 0.26148092955818747 0.540267688790934
-0.8584213800033673 -0.13064276958241883 0.8683057058957119
-0.7586071399320675 0.14122577950911275 0.771640793085661
0.11138266516212458 0.3038134285551417 0.3235872331675775
-0.4081987730593708 0.43816640261300366 0.5988455850267217
0.5510753670133071 0.9925135214331007 1.1352388076331716
-0.934076801656794 0.02054182525866244 0.9343026479564012
-0.8465216225677303 -0.5437695623866052 1.0061233495217288
0.37004578246722497 -0.3678549937351989 0.521776942320858
-0.550873942958493 0.646831777701077 0.8496195911551078
0.9815199178616565 -0.6936494569721208 1.2018863999217526
0.7811830279002874 0.6858694799059502 1.0395498384136856
-0.5019488377879799 -0.3618252594684104 0.6187650233700078
-0.7917358682888322 -0.39388999745192654 0.8843048203124021
0.7168695184811482 -0.6285324845229221 0.9533913103379695
-0.8945314229813583 0.378616393076709 0.971358244834248
-0.5043270863070919 0.5282362211065412 0.7303282243429455
0.7966032453491538 0.9532893895500669 1.2423113099096956
-0.7376278171982737 -0.44107529320950034 0.8594429655215852
0.0701984268397502 -0.7062149245557212 0.709695243605323
0.7182769798127022 -0.49499680928026124 0.8723208474675452
-0.2542872941036467 0.46062495787047797 0.5261533804469322
0.8130600579256322 0.4514922941164745 0.9300064244082347
0.5240199259696152 -0.4010285739873354 0.6598642284345445
-0.20108877496537136 0.15531592676429673 0.2540860730613273
0.02941149822365574 -0.9664978712244678 0.9669452783426724
0.5120526267119059 -0.3320031623609718 0.6102655097088875
0.1905699453502352 -0.19406852296853905 0.27199171987026
-0.10282217909542157 0.49633090200270447 0.5068695737531985
-0.5898245313172217 -0.9712553300517182 1.1363229707690732
0.4716336881854597 -0.01822875980524996 0.47198582978248077
-0.7718660270588358 -0.5298353042787478 0.9362171828094936
0.09857533763209059 -0.8484230149270793 0.8541303819951821
0.9448850065946277 -0.6533545498765438 1.1487731906393495
-0.4109298756048618 0.4543791568449731 0.612636744604644
0.5323652383924047 0.6173223721744878 0.8151684845697476
0.18935096496400372 -0.17277266884749976 0.2563282720136177
0.7533081708947991 -0.5437662823102625 0.9290613381873082
0.9052564223124264 -0.48246048733826763 1.0257959407116861
-0.7516635604784327 -0.05830191010634156 0.7539212298862279
0.7437397641383732 -0.489523089937673 0.8903828908636611
0.13232464959635482 0.9067544064300126 0.9163587542393222
-0.923624630034382 0.6717330778227559 1.1420629514380465
-0.2864258688942456 -0.3344221140325101 0.4403157148294809
-0.8550169058827206 -0.13492355007057566 0.865597061980289
0.18748511677944757 0.007541160541790326 0.18763671846448432
0.9177485935621816 0.3624812151280137 0.9867396375468271
-0.47165253263178 0.9084370626223228 1.0235790190717307
0.16502731235974255 0.9036019650139959 0.9185480526362433
-0.1683303797520217 0.6596862750365027 0.6808238378751115
-0.5582178009526857 0.9044225878161687 1.0628204602154343
0.9540422882431403 -0.04718937893260344 0.9552086291696972
-0.2618166498261416 -0.4596405063132991 0.5289776490269985
0.20674238792907706 -0.9106787665950835 0.9338512894962235
0.46159819639197197 0.8628507460111252 0.9785623663335296
0.37162230462897416 -0.1711197272660243 0.40912723981342114
0.696389346720343 -0.536318980822827 0.8789744998669882
-0.8900152484112676 0.8817298780546268 1.2528266920283895
0.5425090996023818 -0.18496532565038892 0.5731738783688083
-0.010105605335190448 0.36291271589379215 0.3630533881078634
-0.9762979252812727 -0.5148542405606267 1.1037357147124385
0.3319985950409492 -0.5945635045001947 0.6809763784396029
0.6368798496360384 0.6493070785734676 0.9095139499524095
-0.7450124474487705 0.4849614270884901 0.8889494544783252
-0.04772460473439866 -0.8919946147437776 0.893270412937177
0.6303370895467757 -0.4282743089870218 0.7620654369518479
0.4930240254605278 0.7844360025138934 0.9265055486726889
0.3412334405988364 0.2994778048731084 0.45401235290962644
0.3155397286295609 0.6068476468522792 0.6839805456544547
0.822823729878285 -0.37375311409124423 0.903731310038396
0.8317060594981465 0.7379788037580925 1.1119117250043546
-0.6992026278768442 -0.5496800478592199 0.8894000617519648
-0.5246906468629566 0.5985683235579988 0.7959800957765848
-0.5864248121235374 -0.2987447101356071 0.6581355955334235
-0.4857767398836401 -0.42931823016650306 0.6483002265658067
0.2614435131121349 0.35680467195813637 0.4423372971834597
0.05565921409075547 0.39947302220192915 0.4033319273010054
0.7573990973696696 0.3361080802402914 0.828626595215966
-0.9006103098379419 -0.9451991449402151 1.3055651472761165
-0.21759036849393354 -0.6609505890241574 0.6958457081801298
0.6708219734255827 0.2562804094100357 0.7181098580843802
-0.4138003718439156 0.10314161694439994 0.4264609488383059
0.2972651261532091 0.2563819851453357 0.39255353460890713
0.6157466490839698 0.20946760122633323 0.6504003473412754
0.6914988022775193 0.3368416937668217 0.769176780857915
-0.4657309853500462 0.3283076506945979 0.5698168690199783
0.2628074922105652 -0.012076476024748928 0.26308481376769477
0.6586391751545229 0.7781081174504549 1.019439946976045
0.9057472665553117 -0.5884664694606252 1.08012540778924
-0.3431164888128726 0.10363225021752909 0.35842512213909156
0.9878938873031962 -0.3545425630614918 1.049587900841674
-0.8014484812898848 0.283236120269615 0.8500249219800833
-0.007532042094563929 0.7092318095235532 0.7092718035409049
-0.8346514867688593 0.09060881708884905 0.8395552763813159
0.717073189084156 -0.9691984036365255 1.205628261162997
-0.5015147712908556 -0.5058534874060712 0.7123235336164343
0.5459168642360877 -0.45534032051719864 0.7108867913712198
0.6127302749580101 -0.3407928830728242 0.7011263645044353
-0.3892014327410378 0.10888970797826203 0.404146908625153
-0.13345980227923304 0.08810362495888802 0.15991800259917072
0.23725373259217042 -0.7545876740637425 0.7910068845957322
-0.7419606410363482 0.7694361895000985 1.0688955246231973
0.5389888220541694 0.7495670741692755 0.9232333123203632
-0.504374194763334 0.8599039618501596 0.9969092997603957
-0.38792997390267137 -0.5382454830097245 0.6634740873858594
0.9185802105818317 0.21692664237664672 0.9438467944774553
-0.7958712487547188 0.667002571941218 1.0384139230435017
0.4904538641486147 0.8432238583169047 0.9754852475015474
-0.30104371631443394 0.0943366372313803 0.31547855752258414
-0.29083038036214126 -0.10301421322000603 0.3085356353274685
0.3863704037876772 -0.22479239480095026 0.44700526807119284
0.29603454083262326 0.8708288792387302 0.9197713771813977
0.9004606046530701 -0.9893270220768582 1.3377582954867582
-0.9504887893103264 0.7272178927408557 1.1967768388998263
-0.3926519662424883 0.6444958316637903 0.7546856588183539
0.8946517819579303 0.006884408787626084 0.8946782695722832
-0.04886630121577351 -0.6352715777666749 0.6371482503410577
0.8280855603170383 0.5030532981042324 0.9689108916402627
0.2555232582001117 0.6461315286154918 0.6948223425827591
-0.3261366571099551 0.3307723238722249 0.4645163606921595
0.9546980810527821 -0.5554911319100706 1.1045446227276632
0.24527424379576268 0.16132069261883464 0.2935708100894974
0.49627899064082603 0.29297031159316544 0.5763023859281459
0.30773102205802116 -0.4769086000533884 0.5675739553060527
0.40996879347485926 -0.5272220398365699 0.6678603827991787
-0.20592314761689035 -0.08562379984143553 0.2230151963964201
0.42477505841606944 -0.16754001371775962 0.4566218418439073
-0.5712395489956137 -0.8614935663210417 1.033675861742577
-0.7588027011537746 0.03647671601275304 0.7596789388217495
-0.022939781292035555 0.27063728598323955 0.27160775786066976
-0.1349235164858702 -0.22543212298703952 0.26272418498371364
-0.8794051687133984 -0.27483678138073153 0.9213515654512997
0.7178885459838749 -0.8329953277799467 1.0996568467290433
0.5347209964871833 -0.23754647866030654 0.5851109925545389
0.07723451861984287 0.7218050398202589 0.7259254000077173
0.1863125345977148 0.18278453872860223 0.26100296578095156
-0.8964301439143967 0.8215617114707474 1.2159566804262105
-0.2538101575232701 -0.050850536079726893 0.25885396091538326
-0.7086352698314355 0.40388286157225894 0.8156502384728812
0.8319255721180481 -0.44118657364919445 0.9416717848126585
-0.3317841142750255 -0.5427373914081635 0.6361167931424239
0.46780697522896864 0.270644191790945 0.5404550347837003
-0.803814196601532 0.7343966035088991 1.0887863123237604
0.8161413250822982 0.8879727027273174 1.2060606051504819
-0.6651927228302321 0.6244821623324874 0.9123920920184244
-0.8718275083960625 -0.5307644758137016 1.020683169833754
-0.3877021604365032 -0.5973972089156383 0.712177218413596
-0.36107739688931195 -0.417860737820982 0.5522540020286473
0.6049777790923643 0.16527757991690528 0.6271481416848164
-0.3295214846493062 0.7266637997501202 0.7978876404060697
0.03241834661139831 0.3941331262596044 0.39546412025895095
0.1253712366234907 0.9036290330915944 0.9122847014055169
-0.0552135181654132 0.876542361382451 0.8782795932310654
0.3706317608696794 -0.24660972040952256 0.44517890377445124
0.792651988751065 -0.5403404269615686 0.9593044106434769
-0.003776424841454684 -0.8757668297191739 0.875774971908284
-0.6138627635908078 -0.04577166011935918 0.6155668423440513
-0.39150714240871354 -0.3460655609879715 0.5225315445587531
0.30386176144780785 0.14606263714468626 0.33714427778004
0.5018231410222587 0.4675314138218942 0.6858659400901498
-0.25110539398600284 0.40169289378255657 0.47372048700079455
0.42686024706987924 -0.4212765536773746 0.5997362797153798
-0.5776528142452688 -0.8063150409594855 0.9918803955533025
-0.2439155049594004 -0.22540269467274854 0.3321161669135298
-0.3495371516891419 -0.8592876960796787 0.9276591858246651
-0.37206228949839515 0.7564169498631248 0.8429691271375368
-0.7789826357375988 -0.04482286079231068 0.7802711295635021
0.6922189653087358 0.32670197211952656 0.7654418818694759
-0.8589926649171966 -0.8789254294113304 1.2289744947912624
