### X Y "gamma 1" "gamma 2"
0.9832152308043234 0.5360966101415436 -0.9413552155744339 0.6065988160239552
-0.2840873314187917 0.6767860803921546 0.5238918595889273 -0.514083971683306
-0.21501071111749126 -0.08466423356713615 -0.15755386000102636 0.16903969811714895
0.5518698146524288 0.5846447552668084 -0.8026351437109099 -0.046331504029755
0.9866324588774293 -0.8331405922849047 1.273098663341738 0.21630221640298486
0.5149663336784243 -0.4208154512377975 0.6517091816585502 0.13248060750393678
-0.7257276403407169 -0.5864225753600476 -0.9122460299047318 0.19590616572601985
-0.3096097113039642 0.21330385457619427 0.3513055920124123 0.13394434938284935
-0.03889944754963248 -0.9332821505952948 -0.07773140516981894 -0.930852602880698
0.8403958421528492 0.045292614108042306 -0.09045395699102078 0.8367405058112123
-0.7618264368135288 -0.24132269815546192 -0.4601127351042952 0.6533853652079105
-0.1556888862614796 -0.4247523492224732 -0.29235714764553156 -0.34522584737519085
0.8456817298101016 0.517514464124083 -0.8828419077137085 0.4512083495422731
0.7202775940357071 -0.6853883219933945 0.9930377337565198 0.049325690370265025
0.8262193944961567 0.7346535454160215 -1.0980178593058842 0.12927142096863373
0.33633440916106827 0.5623079405814506 -0.5772839416579967 -0.30992629047966186
0.7106782561474376 -0.6414050758841736 0.9523085820149917 0.09783874361080773
-0.15054116755724078 0.0378425763776582 0.07340154082934036 0.1367732339322092
-0.4577246313944945 0.598734334251861 0.7272710888864169 -0.19766487919509262
-0.6490712799028202 0.5845724574608551 0.8687467811393503 0.091090694785616
-0.016171625556084646 -0.6622071169173187 -0.03233361106532648 -0.6616149369267216
0.37615257036935446 0.2981686165132422 -0.46732516806284924 0.10955577284617557
0.2536611237502784 0.7565447071351665 -0.48100519151629706 -0.6366614998025713
-0.47126804346410545 -0.5004573413866531 -0.6861841045265673 -0.04126128976844874
-0.8223598071900693 0.3136743714157877 0.5861561232740388 0.6565731207665506
-0.6866550464671568 0.362857810991565 0.6416356444245097 0.43756673049987227
-0.10355307079887655 0.8154350142543589 0.2054560963902031 -0.7958927650129654
-0.5714089830094953 -0.5779657863271359 -0.8126910209220257 -0.009272569299052427
0.6268178381557552 0.8846061711253381 -1.0228764175356506 -0.3593779551846762
0.4637530289808156 -0.5442544132344205 0.7059751642245007 -0.1134848259117212
0.37994976125284263 -0.05198811118985769 0.10301635046649446 0.36939439129167284
-0.9492425926480204 0.3437269276801782 0.6463816137703658 0.7755001675623334
-0.3852516896543001 0.10597430820072073 0.20435791715317633 0.3433471422291586
0.17024466356092915 -0.5644204869545366 0.3259832568584182 -0.49121140847190087
-0.31476275824796796 -0.28871502695516305 -0.42553203817752294 0.036802788672496055
0.45423264945690733 -0.8785133629228601 0.8069789251531525 -0.5717499829692496
-0.5199467572353591 0.620917168436397 0.7972773568335857 -0.14223774709650683
-0.39441372879441206 -0.10143876241786498 -0.19648327528911055 0.3567160418512793
0.6907845659307386 0.7402171270096065 -1.0100610775095469 -0.06986652522294212
0.6371930054710531 0.280487092822044 -0.5134318095744621 0.4701868909041263
0.41739535829988905 0.5970799811273746 -0.6841888738626963 -0.25021785283199527
0.6452209510179883 -0.9871408136875011 1.0801695443232915 -0.47327668144183027
0.9338089523930537 -0.5932791183538026 1.0015209999844044 0.4700371883524925
0.8551440386047895 0.46476760304334186 -0.8167062405097982 0.5294064301765843
0.45860247555535993 -0.5429247898654372 0.7006876239643998 -0.11882933837675609
-0.9011703475058033 -0.9168662876395943 -1.2854023091171396 -0.02219658419818627
-0.7121928237167972 0.3207271016468285 0.5848819997905932 0.5176847865307966
-0.27228273035902895 0.3645401253864222 0.4362962995332691 -0.1291236898562461
-0.669072770161415 -0.67603165012212 -0.9510942720413484 -0.00984121072040308
0.48289346852655113 -0.5554586918234876 0.7288622788671779 -0.1023730370381159
-0.20864483246552679 -0.2582111309949333 -0.3245716997837899 -0.06970556637537431
0.8368093184879002 0.23531737126225827 -0.45306195112097863 0.7418618261997414
-0.06748287908147432 0.7889175975109464 0.13447468949209318 -0.780295759643466
-0.3432524030227775 0.17773381730327276 0.3156614925727035 0.2230904392861278
-0.4528684853279905 0.8508778169915128 0.7995434274459242 -0.5383430431235595
0.03847093215295172 0.32622717895222286 -0.07641237553666248 -0.3194766560684626
0.22128177584924913 -0.7514631281671855 0.4245399284904294 -0.6583527219015278
0.12148802351200816 -0.04144387274290362 0.07844867031989786 0.10160088862713855
0.686978341110609 0.3689923471120342 -0.6501369186442736 0.43060025591964207
-0.23493098072450147 0.7297476801771172 0.4472560335443086 -0.6226445879362259
0.6663227515334258 0.6704974132617276 -0.9452607762625945 -0.005903834447264833
0.5846589988155821 -0.2052614231343033 0.3873449382792998 0.48365514110010643
0.11049852147426731 -0.44809775290900533 0.2145694450572976 -0.4086091930658223
0.15294660522736292 0.9268879132267647 -0.30181184985407183 -0.8896198486005719
0.23093031906204065 0.7530275239542017 -0.4415634979337124 -0.6522276760359346
0.9345372371033496 -0.12424187207792481 0.24631653932228245 0.9100132157097962
0.6114598434897489 -0.9975942485297387 1.0426483695628783 -0.5310007555060483
-0.9823285188205078 0.33176849883735415 0.628651062147962 0.8245225877858794
0.7790867040417824 -0.9855831379537219 1.2223831825031555 -0.2900509771865115
-0.3701353379412562 0.4627564500487962 0.578096827677643 -0.1301835561186487
-0.863307554738874 -0.4292147108401452 -0.7686693263491334 0.5819558993607442
-0.1614447191699182 0.10838690470190948 0.1799762292869049 0.07362523582564612
0.9435963404902519 0.16081530034339808 -0.3170589559706666 0.9031662266991186
0.6016607048555245 0.3485496709716325 -0.6031925261050021 0.3458919677482351
0.023292672645169876 -0.7278213963829592 0.0465615070122448 -0.7267039009779322
-0.7856930831782059 -0.3037153625868543 -0.56657336028131 0.6233388082294287
0.5110413284734028 -0.02980217690592224 0.059503259685749 0.5084395453177915
0.2652872151672443 0.8273688581788416 -0.5052380124483433 -0.7068600178200771
-0.8942104545300893 0.6411631501456831 1.042124411263037 0.35309946692867317
0.2669134362274457 -0.5754376305246931 0.48426738479659825 -0.40970275698960024
-0.10158387341777808 0.7135781240437722 0.2011398271544976 -0.6921385644396989
-0.6084402007586913 -0.14903716502097053 -0.2895153429039188 0.5555109545994489
-0.5522712330023514 0.2766556152799069 0.49471014887416537 0.3698698593677814
0.9182788441073624 -0.13916622903940024 0.2751901485412539 0.887058992957088
-0.4502864499072363 0.7904598755664236 0.782514649276676 -0.46395638320638344
-0.5411585167791495 0.11254634479093473 0.2203771792590656 0.5069054338535213
-0.8671824033192208 -0.5538793891010723 -0.9335792996713242 0.43268624836326425
-0.9386836983395186 -0.47563389381183163 -0.848552451373391 0.6223451001969648
-0.8874342709063343 0.5727213400884799 0.9624211754683719 0.43508022200725116
0.5117759953819452 -0.08763971122805692 0.17276454298557323 0.4896404814966835
0.0443042520590895 0.6854994029093413 -0.08842401783140594 -0.6812147174057017
0.6274943355315734 -0.16942479899569562 0.3271350822319233 0.561637375547653
-0.277689092439825 -0.14632335400147034 -0.2589025883545153 0.17745761671347232
0.7791806294089776 -0.34805661912873753 0.63558415773668 0.56947224848947
0.9588644581320611 -0.8326065902522544 1.2573504927586043 0.17811378823682278
-0.41368674122627214 -0.5719712247414055 -0.6704025385738623 -0.22101637512256211
0.16745012949128246 -0.5613350980001128 0.3209254324922873 -0.49004439073729017
-0.4255965244615705 -0.4553359963742216 -0.6218491879018815 -0.04203401876627778
0.9449410355774661 0.8671201971822264 -1.2777797656052612 0.10995393439673405
-0.7793700280466811 0.837963963300089 1.141378003341901 -0.08281001083403519
0.7154478542361322 0.7284665907745755 -1.0208772005279874 -0.018410525466650483
0.577366885474561 -0.08523815613486119 0.1686483419596352 0.5587269462430927
-0.48103021745347463 0.5073954769506275 0.6981768936175751 -0.03727285006281607
-0.41813566185640116 -0.3660195042915073 -0.5508170391963021 0.073541135216358
-0.1817422439354046 -0.4826780403655284 -0.3401698362144011 -0.38767617467630167
-0.6749927428633351 -0.35000001683734583 -0.6214267798709077 0.43811410838226283
0.22525977739607717 -0.5000774957040723 0.4107693087105507 -0.3634391889211221
0.30144486211713684 0.17224202918435072 -0.2991011261206024 0.17628056576874795
-0.7987863048344808 0.02146966935891559 0.04292383700744892 0.7979210811289944
-0.15101133670822642 -0.5321714896086946 -0.29055121147100116 -0.470734438595134
0.8681452335394819 0.22254502967730394 -0.43114938535915076 0.7856924616259343
0.060350552995869 -0.19071943720241924 0.11507708819322493 -0.16362566041634016
0.2324751478213909 -0.8871665874647368 0.44976483927602173 -0.7992626837400946
0.7683358084926579 0.4750710930852591 -0.8081388001675263 0.40366339660796646
-0.24196139691652396 0.33736555154451464 0.39323984960665803 -0.133128710833025
0.9155241914910786 0.9272547083683074 -1.3029622559750937 -0.016589119955019296
-0.4304690251048937 -0.44429606835597024 -0.6183205472833223 -0.01955194973866486
0.7857229801357966 0.8834261024343235 -1.1742127877090873 -0.13793697530477841
-0.9974549337461174 0.5556405492455276 0.9708144801613684 0.6009758813208357
-0.5697944212640518 0.7092130286217435 0.8883862910939277 -0.19600663322152323
0.5142068139017413 -0.6330771067417647 0.7982700868333847 -0.16721285539851233
-0.41137069447858976 0.5785464992656626 0.6705194514201878 -0.23312135328090633
0.3708262341529145 0.6714541798183 -0.6492234838165579 -0.40849930182631833
0.6581525391318357 -0.7920764646255716 1.0124139347674963 -0.1885945791056107
0.41169514853052447 0.29120501557849443 -0.4754853866171291 0.1679491099565611
0.574335724440407 -0.0836360395868121 0.16552622575756729 0.5562891155439847
-0.020924227651704097 -0.997507122219903 -0.04183925137979094 -0.9968489149446026
0.4832044636881798 -0.6947823804012314 0.7933956391291108 -0.29450376849047716
-0.10564972300829867 0.16697949870393658 0.17856003605861925 -0.08461873599796198
0.46751808130113237 0.0854979814692467 -0.16820636930528277 0.4445106056146948
-0.30934995771145535 -0.2164306617131868 -0.35467537280021827 0.1294025022737711
-0.27472278338719325 0.7052560807956425 0.5119738021170964 -0.557441990844788
0.6908871389688991 0.09446565655078953 -0.18718962764564073 0.6717208068551167
-0.5041055772743892 0.2853196381983205 0.4966125147122514 0.2981706545117068
-0.4332319301773915 -0.9747561080034699 -0.7917825737901744 -0.7147864934772533
-0.6738171987178494 0.1239217708192264 0.24375555924637296 0.6402885676844704
0.25959784468095837 -0.8100190982468274 0.49442505659943853 -0.6921458255990889
-0.5563991466271001 -0.23449646313808858 -0.4321784588019053 0.42165196707622266
0.8097462476062849 0.337824301048528 -0.6235579999810619 0.6172436022762839
-0.8979352660972064 0.27514731364238854 0.5261475331811204 0.7779219495766305
-0.2996620667056875 -0.7163741253821945 -0.5529003635091881 -0.5452434591729052
0.8142453609678584 0.4456902938158833 -0.7819098995708675 0.5002521912120347
-0.13150735950372505 0.6841797276322195 0.2582867457894551 -0.6470579898711037
-0.6163117659234751 0.7158763331404643 0.9341322387133694 -0.1404139514531874
-0.5915356239192935 0.04062428497607273 0.08105764509849077 0.5873622264552701
-0.7391312694190046 0.5705571223276851 0.9032951973834181 0.23644925387035975
-0.8202313457052821 -0.8690876441008497 -1.1930309750328638 -0.06906436286825296
0.3858607127187308 0.5211910016581804 -0.6202399330327217 -0.18929071636197417
0.9674733966779561 0.37159231166642104 -0.693771246064153 0.7699136818525625
0.33947995882759496 0.9059196276375072 -0.6357853173007367 -0.7291872492640467
-0.7689129602069869 -0.39146684586096203 -0.6977141995463424 0.5076104092057296
0.12027123269421347 0.8434816824041684 -0.23813382222605675 -0.818057944571875
-0.8445003816046748 -0.7883880888540649 -1.1525827179755797 0.07930795295197166
-0.685225348704879 -0.027434881213398654 -0.0548258365279602 0.6835792411007854
-0.434490935865947 0.04750023278820481 0.0944377952461641 0.4267553728937032
-0.6756146854461937 0.9924022929526393 1.1169584132566224 -0.44013795258244187
-0.5152580397007347 -0.14529202035958044 -0.27967778646354735 0.4564876278884927
0.19892539360285855 0.4944712337206869 -0.36910182074778913 -0.3844957205457265
0.9335035794189217 -0.2687932181358008 0.5165973899857393 0.8226821157431716
0.12462472302940086 0.5523893681007923 -0.24313837264548227 -0.5114186810513026
-0.06695269642932167 -0.5441315689809278 -0.13290309033595946 -0.5318821265092059
-0.38426269270731206 0.0023778293784608717 0.004755567708347457 0.38424062207814325
-0.05513317729511735 0.014870377449706096 0.02871463080637095 0.049358538691956666
0.8355525931550067 -0.4743989589803701 0.825085636054181 0.49237810815143124
0.7212078478202564 0.5540173342046366 -0.8787009425039729 0.23443681451377887
0.09858887486276968 -0.849986501570984 0.19586462973080482 -0.8329669056571227
-0.3882501849917679 -0.6501414211469299 -0.6666721297146426 -0.35912441451234456
0.6471720383330144 0.4514338283330479 -0.7405098847513228 0.2725238689530203
-0.3660990689013053 -0.21915869474835192 -0.37608081135875926 0.20154970866250657
0.35450332809539553 -0.8316165537977906 0.6522193228145137 -0.625994135059269
0.9801607727725903 -0.7639018674133469 1.2050484390276328 0.3035118829911361
0.9926667995270988 0.9438925496794799 -1.3680517831918075 0.06895533865857582
0.7673101790019952 0.2715836541149623 -0.512040409727911 0.6327220644075743
0.18869043306171185 -0.2553575861259012 0.3035103031204857 -0.09323664634023629
0.8707090513484443 0.44566843716472615 -0.7934410238738948 0.5720191864080284
0.17616490865754164 -0.7107207889102598 0.3419809983642328 -0.6474620541694661
0.16740419454736677 -0.587318219439454 0.3219842922081234 -0.5189344571415712
-0.8874764761120479 -0.40589564654028254 -0.7382430210566336 0.6382499615305802
-0.4213917021460063 -0.8272050617482387 -0.7509586797284041 -0.5458023837983745
-0.9131198048938198 -0.4192199652301085 -0.761972717911838 0.6549280376460513
0.7360072864737315 -0.5422751311140763 0.8731495952665295 0.27088526695468285
0.6177382050754008 0.4856224002841394 -0.7635534498936974 0.18551478330025298
0.7665554908266816 -0.24338406923262723 0.46394474394757207 0.6569614906797725
0.22208151309108937 -0.5531835369502558 0.4121870595101966 -0.430620542916801
0.6841895107051723 -0.5171416460133413 0.8251057127029464 0.2339900242859383
-0.05054728283166643 -0.4699076883917168 -0.10051471084182582 -0.461806297397183
-0.5882688449030102 -0.843224113559804 -0.9649247965654822 -0.3549750365100364
0.9683313983066559 0.5677305451623631 -0.9795211383446123 0.5481988766797615
-0.7309254935614042 -0.4482415942510245 -0.7642238763363236 0.3887601713038078
-0.09236922877898857 0.9781175796545998 0.18392016836098102 -0.9651007438214239
-0.8745886030968208 -0.5119124050547452 -0.8835940798157519 0.49620664770873146
-0.01978953395763794 0.9456861455767809 0.03957040488082122 -0.9450651271990184
-0.5607927459319959 -0.44489805507094715 -0.6970736631752691 0.16282226937145694
0.4637450033027597 -0.5137324622017194 0.6884736844469359 -0.07060068436055376
-0.77758834837213 -0.3173953295000296 -0.587716175204033 0.5999776096789544
0.22038509326069589 -0.28851956573849225 0.3502741970790941 -0.09550453395546075
0.1194881586239076 -0.362218033940388 0.22694692134439295 -0.30655247357552684
0.9344666682468521 -0.3058936030770527 0.5814282685950778 0.792931282613042
-0.10084837397061941 -0.8683399272180354 -0.20035007957688783 -0.8509080263736356
0.38843778932938466 -0.9422889945092019 0.7182426539573153 -0.7231320456103535
0.5732858961837337 -0.6274819946244687 0.8464796989906089 -0.0765669088957923
0.35862262317074745 -0.9149189639307211 0.6677780488585946 -0.7209433915867046
0.3132890037296545 0.6942010760644852 -0.5711130038257884 -0.503880016202363
0.1487836503204243 -0.058903648176585 0.10953545341400159 0.11665418473664065
0.7745847331217561 0.5147440552167974 -0.857425778301724 0.36022768615143763
0.1071016836674148 0.45062261184480734 -0.20839808818572284 -0.4136444678594971
-0.18988547960295543 -0.10914546245878243 -0.18925443922709703 0.11023604026008432
0.9243983158441698 0.5958486558631699 -1.001644418298716 0.4541545181108632
0.4403913851051138 0.8454567036661911 -0.7811599615380043 -0.5463796522005975
0.9393771672758522 0.7086166025055103 -1.131421268509883 0.32319168446781615
0.1290268967435999 0.46565750473007306 -0.24868380271083976 -0.41429605122906704
0.863934598002343 0.4049606003357138 -0.7333532405200834 0.6103843887817122
-0.09754980925076029 -0.4463093213991678 -0.19059998175383325 -0.41518625050461844
-0.9918047927311171 0.03511676661527208 0.07018955041239364 0.9899410897598059
-0.15683504547488747 -0.36941506133784796 -0.288727066353106 -0.27874970885632355
-0.3740390859263807 -0.4829393985653043 -0.5914339056509579 -0.15277969673262912
0.002838366064924047 0.623124035733374 -0.0056766732387772455 -0.6231046425854215
0.8793399615456237 0.39505219681044257 -0.7207126561002132 0.640217364269973
-0.19867666807315376 -0.6634091575535004 -0.3806500793689634 -0.5785236778550185
0.9453328554274072 0.8334179307213665 -1.250315370833389 0.1579592613814872
0.2062111568417202 -0.6264199132774122 0.3917423721210919 -0.5305307369431306
-0.24709045387164474 -0.7630982022433479 -0.470148577649106 -0.6498714285118614
-0.7463939977506953 0.436708486834978 0.7538617718206244 0.42368706770378284
0.8389041870522205 -0.4440599904522653 0.7849351474994337 0.5336912257047657
-0.9616744544766569 -0.9747905188238197 -1.3691932900352048 -0.01854849062212176
-0.0302404176279627 0.011567367713330112 0.021607884609352215 0.024111950913144893
0.47620152152523465 0.6494503575661636 -0.7680575783600545 -0.2421594771415213
-0.6676707936381077 -0.06829675483158537 -0.13588444879824946 0.65725501289276
0.3279439819464327 -0.5778805477490174 0.5704344372956912 -0.34073117777616835
-0.2347248827639865 -0.5271699725813266 -0.4288595629112026 -0.38611322935063497
0.9280787483533315 0.17424830569734073 -0.3425120048285293 0.8799875918056015
0.49285094853050904 -0.7489481473129607 0.8234106590245549 -0.3547115327074759
-0.6443356138844933 -0.2086040876557853 -0.39692470233713106 0.5487575324140792
0.5886618891314117 -0.6499862474428251 0.8726408073390035 -0.08661964527345992
-0.4924183404757132 -0.957881233196419 -0.875879954853935 -0.6267747471235711
0.4395269680553948 0.5632432724993375 -0.6930183626607151 -0.17364471969741113
0.9759004023327702 0.7611829853373797 -1.2004006081153862 0.3013627589411137
0.6629206802775638 0.7497954607661435 -0.9932872055789714 -0.12262784577044358
-0.01482924253583473 -0.9348409094514767 -0.029654754292574872 -0.9344881101255904
0.7737571004465194 0.8006922993162398 -1.1128151793298295 -0.038086550498191894
-0.17933427683700298 0.21056586621667317 0.27305746591804325 -0.044027118582134664
0.402950506800543 0.30541071184087554 -0.48679653002429013 0.13665266991272149
0.06407961664050399 -0.6330768145238677 0.12750771689773274 -0.6234053516677646
-0.15770366775019573 0.4326734343605103 0.2963367361066547 -0.3525071438380191
0.7086210250116045 0.7724820835233688 -1.0443806740743682 -0.09022934153073596
-0.06925056374324057 0.719258879465708 0.13786360894351954 -0.7093113573023421
0.3800370047342694 0.3955690031222925 -0.5481064391726046 -0.02196115971635529
-0.7532254788796959 -0.8581097220820522 -1.1321626794801944 -0.14801548688401084
0.8160904006636347 0.9690191671759734 -1.2484262328093303 -0.2154846389960387
0.5879554711991448 -0.9106326404287908 0.9878913070899398 -0.44611008428800414
-0.7190199677129587 0.08837592237422931 0.17543166529006998 0.7028682297835014
0.9763194438269243 -0.2605153663271813 0.5034171016451007 0.876150177913779
0.3204327488446306 0.7327985260679384 -0.5871826385166828 -0.5430353352812831
0.532318606384977 -0.9222926200563644 0.9220752834667455 -0.5326949852718703
-0.6133454201222825 0.695084036217013 0.919795610146543 -0.11537095537379398
-0.10204033028435489 0.4893190283826132 0.19978290727509268 -0.4581835118187434
-0.09356055728355073 0.2458834507925436 0.17488824255536156 -0.196535879342055
-0.9740782201939597 -0.9586460089160014 -1.3665117173087418 0.021823746807628823
0.4451798394972064 -0.15883306574751166 0.29919349798871425 0.3659184103468819
-0.34994923418766843 0.5312212009718797 0.5844738332308178 -0.251099122139079
-0.44673918823113934 -0.6439085078120563 -0.7341002985044253 -0.2743917281367649
0.9383548977143552 -0.6886495615774075 1.110365899245265 0.3490497135345161
0.5531261392892071 0.49559838276780743 -0.7382189745281139 0.0812344053570247
0.3197894610343066 0.2434127851711425 -0.3873744614073602 0.10703321924871116
-0.25817675179269917 0.3897953022607368 0.4304899411786299 -0.18241168650826053
0.3247819155735341 0.015613773648612383 -0.0311915236269255 0.3236574909761788
-0.8855023507438027 -0.5512952384990466 -0.9360118661488334 0.460350561630047
-0.611957733027229 -0.4693683570308125 -0.7448694189000763 0.19992116041353009
-0.8820029378997807 0.32697284093819934 0.6131676462087184 0.7133483432502674
-0.35132284672496694 -0.7472436769730058 -0.635872241653214 -0.5267516945411651
0.833435810981044 0.4891811112369864 -0.8437592098459268 0.4711515747791368
0.44972398669164537 -0.09366309823549512 0.18339107179806957 0.4211794806987331
0.07788193547834776 0.6554199541050756 -0.154675689763691 -0.641651262843828
0.015519833740135214 -0.9024377856940584 0.031035078350605684 -0.9020374971138886
-0.9139752219299084 -0.5033934691018491 -0.8818744809839709 0.5577213379685877
-0.7553220589056282 0.9599703708149137 1.187210272430046 -0.2873783125925407
0.825765547887013 0.7383145973953553 -1.1007949463745526 0.12348145950080934
-0.9004267239732031 -0.6261013720541517 -1.0280908987973174 0.3818380771260643
-0.51479384764191 0.2163637030842489 0.3989253337979693 0.39074868603294094
0.07582971486691359 0.5687023501409805 -0.15032896344629842 -0.5536909891463226
-0.7395187126913965 0.7800905023291451 1.073377530542158 -0.057356736065579714
-0.9740969923890082 -0.8554746176998822 -1.2855648738323038 0.16740587587836891
0.7934575360933331 -0.5208931117157265 0.8708892351190457 0.3774340148555227
0.2902711707324781 -0.8164025718913099 0.5469966431855531 -0.6719860000720891
0.29415561605149043 -0.3772368898632614 0.4639379330729294 -0.11660528197451596
0.9907602711110313 0.6025165803882682 -1.0295936062774813 0.5334502323247291
0.17342405851930054 0.02403079127038632 -0.04760671408211068 0.16848437249991707
0.9965617444227026 -0.419580081937468 0.7734065932801829 0.7556619595270191
-0.3624101899248322 -0.8831843869323359 -0.6705602358920294 -0.6794886144173607
-0.410094188041793 0.3239518807580004 0.5084119182102953 0.12099332846909873
-0.6289005086467923 -0.5539630740732491 -0.8313871516418209 0.10576550145382053
-0.02003857085511096 -0.633497469276189 -0.04005710692409177 -0.6325472441534491
-0.4939524831561979 0.8834577437697266 0.8622789827892992 -0.5300581067040873
0.6131312047069779 0.7861987032488567 -0.9669726374037112 -0.24290367162339196
0.10477671694412494 -0.7480808045336322 0.20752778386103027 -0.7263162324022542
0.572112156774572 -0.6140271105622215 0.8371572540072082 -0.059239720608335794
-0.15972435626732784 -0.7559816914089024 -0.312548854516013 -0.706635267497459
0.034193416987020386 0.13429321491059132 -0.0662723442912107 -0.12170387717085168
-0.9929104272235734 -0.27057973886440356 -0.5221196426594669 0.886834590170218
-0.4800533644374603 -0.10398628188180292 -0.2032586139952894 0.4471580429378865
0.6724721292001401 0.8313340641236442 -1.045666259841023 -0.22342149349020043
0.5236557612069386 -0.006801883476750925 0.013602619484822952 0.5235232474372086
0.6740551834015951 -0.19955828912927132 0.3826972291138608 0.5896751070371998
-0.9574219078785855 -0.7176010270193751 -1.1484295490452296 0.335734291583244
0.6392040749485377 -0.3009658046254693 0.5445851713569703 0.4500991625439569
0.4613392511243868 -0.4861510595388132 0.669287942069938 -0.03507717090228538
-0.16484523599152578 0.4578003491317504 0.3101936004776899 -0.37488003643424606
0.2956438838977755 -0.4300032302696235 0.4872370953070766 -0.1868370870175271
0.47132110209770284 -0.06536030154833372 0.1294815238390933 0.4578756220693439
0.12487330485449166 0.16742347816913328 -0.200195080785058 -0.05954740075769181
0.5069370943360223 0.4038612876960621 -0.6317504448087184 0.1448465836578724
0.6394710577627245 0.20785327665635123 -0.39534651799663584 0.5439001278184213
0.5783005181514977 -0.9668147651545371 0.9925862926112727 -0.5328552628390962
0.4151143076707846 0.7677270126582891 -0.7303070842243558 -0.47788724311278213
-0.38353377526764976 0.9350881409035425 0.7096913766588532 -0.7196013743216179
0.23020128132258266 -0.7634847924466124 0.44080158199368 -0.664526616119832
-0.2022228811810538 0.23744968682726264 0.307913010340869 -0.04965909292723326
-0.6768860532559906 -0.9280776002477198 -1.0937667091636938 -0.35096601986412024
0.939877490333247 -0.12087632693578132 0.23977780345884428 0.9167809925042405
-0.2875673797680556 -0.7485240959722028 -0.5368779257546299 -0.5956050814046793
0.07420142786173045 -0.3457884906028603 0.14509973272059817 -0.32252379709803586
-0.7119263283532673 0.47470755199879 0.7899150249914062 0.3289690110330671
-0.03042887287397722 0.8995489195256823 0.060822957263196455 -0.898005981491194
0.6635733402875252 0.018339080528184892 -0.03666416176294488 0.6628134270344737
-0.8537619280189024 -0.37031549190783175 -0.6794678849789236 0.6358980944803664
0.9640681107960885 -0.3754697548657493 0.6997431189557909 0.7620790159471044
-0.6522851802658989 0.8194223616733389 1.0206716848598847 -0.23485798885733575
-0.16883051606290156 0.80832889472839 0.3305284982456118 -0.7567365836632896
-0.2884264086535071 0.726102485234007 0.5361057689060214 -0.5683354791119809
0.7721381909892433 0.9197619690317502 -1.1827523922305434 -0.20798135573707222
-0.7500007346292117 0.6194005743804765 0.9551716315312548 0.18386225225734132
-0.5996938799797258 0.6298658058417956 0.8686449726485966 -0.042656705758780396
-0.6755829312495754 -0.3974910032271399 -0.685182617577769 0.3807048400159412
-0.753598909415983 0.23951086738423988 0.4565194997678395 0.6456521650237312
-0.9161198564753403 0.7737849786725779 1.1822799023006576 0.20058169722999983
0.9258387836599895 -0.9204847422996891 1.3055314178907602 0.007571726069732483
0.30008906821044934 -0.07687617878878772 0.14894267694496022 0.2716237741970511
-0.4824626039123534 -0.8962515211331088 -0.8496419261983696 -0.560486887048416
0.8213358558668271 0.9774131042312482 -1.2576059890080817 -0.219900297558832
-0.31865395248847506 0.20577235604847588 0.345726119084699 0.156064264112258
-0.44711636265259536 -0.18599123688831187 -0.34345216969507425 0.3413889117746463
0.8559034915570798 -0.057559269772556654 0.1148591059614575 0.8501124879532619
-0.011032864955486943 0.653546483622879 0.02206258636997643 -0.6532671525858494
-0.3384903341877379 -0.3241442864061921 -0.46822409102793483 0.020283622195509488
-0.3108655406738694 -0.07145246225879887 -0.13927329575203573 0.28695955783292565
0.23840557805332518 0.030523034602580434 -0.060551814401432286 0.2325991252369298
-0.06004027528594813 -0.2652796540262925 -0.11711834854071194 -0.24548201956929186
0.2720917010788577 0.9126339948724109 -0.5214995324815986 -0.7968518933994172
0.4116735548606518 0.34907324732061484 -0.532486961916776 0.08823198487627437
-0.609712263347922 0.7747773825151598 0.9582795955167884 -0.231795714693064
0.23033410393069187 -0.9414947370309574 0.447471698140037 -0.8597878916652746
0.17090396761587345 -0.5594930786318504 0.3268970863542153 -0.4851587019903056
0.3356759901638642 -0.7172815140480324 0.6080606221206583 -0.5073789713752103
-0.7281684316037196 -0.49048205053628147 -0.8136049295305471 0.32992260505471577
0.6063047928137622 -0.37442924254677057 0.6371522602419735 0.31912341927792126
0.20903826275555049 0.41182618436727814 -0.3728005545701837 -0.2726124500798403
0.5079739532282657 -0.633622548318227 0.7926650346616936 -0.1766273300494919
-0.9929497444769033 0.4702472917536191 0.8499927712750441 0.6961278612715709
-0.2359313515984156 0.4183607491389909 0.41101042705236657 -0.2485150859433369
0.20010867813679378 -0.7567550648269148 0.38691861132678745 -0.6804525695563162
-0.6636425506220922 -0.7907536967964477 -1.0166825052884036 -0.17907966784071208
-0.7316349319549931 -0.9626002544541923 -1.1649658987743698 -0.32364081668554695
0.8026218381462908 0.8810116310127831 -1.1866423111213185 -0.11073994087857762
0.4697293612941358 0.5847942255311027 -0.7324354426714524 -0.16176613179214136
-0.6675830163441114 -0.14276827352302002 -0.27922274367422256 0.6229643031915114
0.8522979711754399 -0.51910353278191 0.8866901050594915 0.4578875047498223
-0.3755512341687244 -0.221640093057476 -0.3817547364206846 0.21077566642416837
0.2624515609336153 -0.8023770199943456 0.49889298280865957 -0.6810253268093457
0.613128020847443 0.7941203562408072 -0.970619788675902 -0.2538707072016705
-0.2891068324572328 0.8164400639549942 0.5450502409548948 -0.6731102238410145
0.2480296936006503 -0.9182194671065922 0.4788956611646641 -0.8217692281892806
-0.1058363418976338 0.6881682704454348 0.20921292067985545 -0.6640834688009772
-0.9155361823521435 -0.739763195911195 -1.150805281620523 0.2471907988073001
-0.2984135904118259 -0.7805884928541549 -0.5574786520646873 -0.6225645497544309
0.9285692210552721 0.880482593560717 -1.277837631951972 0.06798074890715793
-0.2038374046257314 -0.6330129882272664 -0.38805211753925656 -0.5400654449807601
0.31499232244482256 0.8888259869088666 -0.5937986634849193 -0.7325537150593309
-0.4020253995482299 0.5095872232522249 0.6312544518542746 -0.15106745843491928
-0.1804299958988973 0.2888072543775537 0.30604415541858676 -0.14933716394555321
-0.114250407251697 -0.35865712287645723 -0.21772111203850822 -0.3070596110202579
0.8702474282243435 -0.9605619017700775 1.2898588865627145 -0.12756882933705177
0.06584946077751996 0.17130918645702264 -0.12292990911546803 -0.13627628661700417
0.39501832500524214 -0.1793175744911839 0.32656293975672035 0.28557121001388963
-0.8518176058954452 -0.763801216292018 -1.1373379488678803 0.12428966886920706
0.244006182372682 -0.27498963535417187 0.36502765124995695 -0.043739346259983436
-0.7044680537571835 0.9277283290260048 1.122094361676421 -0.31282476681970356
-0.7847697875782826 -0.2647855673713433 -0.5017789412091713 0.6589331607551937
0.2781641255313685 0.9946512379398216 -0.5357713651588436 -0.8829809794914494
0.30164095478810937 -0.21847113643536753 0.3538748335260946 0.1161443294255989
0.8013448850031086 0.4782168593685452 -0.8213039643280252 0.443062961083445
0.5863588333916523 -0.6932030248683994 0.8953624063626368 -0.15057648041984045
0.14201595672912126 -0.6922369985665784 0.2782369558962072 -0.649572775386842
-0.7104343210498694 0.36197985236347674 0.6450544782147308 0.46866945513634084
-0.5190553359467209 0.9782852141484393 0.9170275427277546 -0.6209032838332533
0.49310736018243206 -0.26691129621944487 0.4694610628070371 0.3065987919475846
0.030323088725380254 0.5884215757528573 -0.060565810186431035 -0.5860812427964096
0.8972796523227333 0.31900018061746227 -0.6011402032246247 0.738581306135916
0.7945840163933651 0.49905503334674006 -0.8452270516013786 0.4074443724703629
-0.47242642695936965 -0.49804002572684203 -0.6855066714529794 -0.03621048893686979
-0.9402349039486526 -0.832602410933353 -1.2466691742899252 0.15193557572418653
